Places365_val_00000082.jpg 230 251 330 252 334
Places365_val_00000249.jpg 230 330 91 334 252
Places365_val_00000315.jpg 327 91 230 252 226
Places365_val_00000370.jpg 230 252 91 237 58
Places365_val_00000416.jpg 334 91 237 252 226
Places365_val_00000495.jpg 273 334 230 79 66
Places365_val_00000547.jpg 237 230 166 213 327
Places365_val_00000599.jpg 230 226 91 237 330
Places365_val_00001044.jpg 230 226 270 252 91
Places365_val_00001404.jpg 230 226 334 192 252
Places365_val_00001410.jpg 230 108 252 132 220
Places365_val_00001733.jpg 230 226 270 109 252
Places365_val_00002363.jpg 230 226 237 334 354
Places365_val_00002411.jpg 230 226 109 200 237
Places365_val_00002473.jpg 108 220 91 230 237
Places365_val_00002890.jpg 230 226 109 237 252
Places365_val_00003348.jpg 178 245 213 132 77
Places365_val_00004155.jpg 230 226 109 200 91
Places365_val_00004562.jpg 230 226 12 252 237
Places365_val_00004833.jpg 230 91 108 334 237
Places365_val_00004974.jpg 230 214 226 154 334
Places365_val_00005816.jpg 230 252 181 109 91
Places365_val_00006162.jpg 327 108 91 230 237
Places365_val_00006969.jpg 230 252 154 270 226
Places365_val_00006982.jpg 230 252 226 91 84
Places365_val_00007503.jpg 252 84 230 91 330
Places365_val_00007967.jpg 230 79 270 171 334
Places365_val_00007981.jpg 230 226 270 77 192
Places365_val_00008762.jpg 230 91 214 270 252
Places365_val_00009064.jpg 226 230 229 252 200
Places365_val_00009146.jpg 230 226 91 252 330
Places365_val_00010287.jpg 170 306 334 192 158
Places365_val_00010715.jpg 200 230 226 109 252
Places365_val_00011063.jpg 230 91 77 108 252
Places365_val_00011220.jpg 230 200 192 91 84
Places365_val_00011273.jpg 230 252 79 330 59
Places365_val_00012059.jpg 230 226 327 237 109
Places365_val_00012124.jpg 230 226 252 91 334
Places365_val_00012393.jpg 230 226 91 330 252
Places365_val_00012465.jpg 247 171 192 266 58
Places365_val_00012658.jpg 230 192 226 237 270
Places365_val_00012742.jpg 230 330 226 252 251
Places365_val_00013472.jpg 230 108 354 226 214
Places365_val_00013490.jpg 230 252 132 270 91
Places365_val_00013631.jpg 230 154 252 91 226
Places365_val_00013935.jpg 230 226 109 237 252
Places365_val_00013989.jpg 230 91 226 237 252
Places365_val_00014069.jpg 230 330 226 251 91
Places365_val_00014331.jpg 230 237 327 91 226
Places365_val_00014454.jpg 230 5 270 226 68
Places365_val_00015483.jpg 230 91 252 237 226
Places365_val_00017029.jpg 230 226 237 327 91
Places365_val_00017249.jpg 230 237 226 252 270
Places365_val_00018228.jpg 230 226 12 252 109
Places365_val_00018495.jpg 230 226 91 252 12
Places365_val_00018769.jpg 10 237 12 109 91
Places365_val_00018924.jpg 270 237 132 12 230
Places365_val_00019120.jpg 230 226 12 91 109
Places365_val_00019601.jpg 226 230 237 12 200
Places365_val_00020483.jpg 230 270 334 252 91
Places365_val_00020523.jpg 316 16 315 154 230
Places365_val_00020680.jpg 230 229 226 78 252
Places365_val_00020810.jpg 7 353 83 270 332
Places365_val_00020954.jpg 230 226 330 252 251
Places365_val_00021406.jpg 230 226 252 91 109
Places365_val_00021674.jpg 230 226 154 270 237
Places365_val_00022293.jpg 230 226 330 252 251
Places365_val_00022395.jpg 230 252 84 91 226
Places365_val_00023399.jpg 230 226 109 252 12
Places365_val_00023717.jpg 91 252 230 330 237
Places365_val_00023723.jpg 200 91 334 237 327
Places365_val_00023781.jpg 230 237 226 334 327
Places365_val_00023806.jpg 230 226 330 237 154
Places365_val_00024934.jpg 230 237 226 327 213
Places365_val_00025093.jpg 230 226 91 252 109
Places365_val_00025373.jpg 230 214 334 252 171
Places365_val_00026375.jpg 230 226 252 270 109
Places365_val_00026957.jpg 230 270 226 91 237
Places365_val_00027196.jpg 230 226 237 91 270
Places365_val_00027493.jpg 230 226 237 91 109
Places365_val_00027719.jpg 230 200 237 226 109
Places365_val_00027835.jpg 230 226 200 237 270
Places365_val_00028107.jpg 230 226 200 252 270
Places365_val_00029048.jpg 230 200 226 252 270
Places365_val_00030673.jpg 230 226 252 12 109
Places365_val_00030911.jpg 230 252 334 226 91
Places365_val_00031171.jpg 230 226 252 330 91
Places365_val_00031278.jpg 327 12 230 237 109
Places365_val_00031303.jpg 230 252 91 12 334
Places365_val_00032951.jpg 230 91 226 334 252
Places365_val_00033011.jpg 230 226 214 334 237
Places365_val_00033555.jpg 252 230 237 91 109
Places365_val_00033556.jpg 109 237 270 91 252
Places365_val_00033801.jpg 237 226 12 213 252
Places365_val_00034114.jpg 181 270 316 59 79
Places365_val_00034152.jpg 226 330 237 252 251
Places365_val_00034379.jpg 108 230 91 327 334
Places365_val_00034415.jpg 230 354 192 297 154
Places365_val_00034956.jpg 230 252 132 237 226
Places365_val_00035710.jpg 226 230 200 109 237
